1.0	0.0	0.0	0.0	0.0	0.0	0.0	0.0	0.0	0.0	0.0	0.0	0.0	0.0	0.0	0.0	0.0	0.0	0.0	0.0	0.0	0.0	0.0	0.0	0.0	0.0	0.0	0.0	0.0	0.14709	0.0	0.0	0.0	0.0	0.0	0.0	0.0	0.0	0.0	0.0	0.0	0.0	0.0	0.08711	0.0	0.0	0.0	0.0	0.0	0.0	0.0	0.0	0.0	0.0	0.0	0.0	0.0	0.0	0.0	0.0	0.0	0.0	0.0	0.0	0.0	0.0	0.0	0.0	0.0	0.0	0.0	0.26016	0.0	0.0	0.0	0.0	0.0	0.0	0.0	0.0	0.0	0.0	0.0	0.0	0.0	0.0	0.06646	0.0	0.0	0.0	0.0	0.0	0.0	0.0	0.0	0.0	0.0	0.0	0.0	0.0	0.0	0.0	0.0	0.0	0.0	0.0	0.0	0.0	0.0	0.0	0.0	0.0	0.0	0.0	0.0	0.0	0.0	0.21432
0.0	1.0	0.0	0.0	0.0	0.0	0.0	0.0	0.0	0.0	0.0	0.0	0.0	0.0	0.0	0.0	0.0	0.0	0.0	0.0	0.0	0.0	0.0	0.0	0.0	0.0	0.0	0.0	0.0	0.0	0.0	0.0	0.0	0.17116	0.0	0.0	0.0	0.0	0.0	0.0	0.40706	0.0	0.0	0.0	0.0	0.0	0.0	0.40706	0.38986	0.0	0.0	0.0	0.0	0.0	0.0	0.0	0.10463	0.0	0.0	0.0	0.0	0.0	0.0	0.0	0.0	0.0	0.32843	0.0	0.0	0.0	0.0	0.0	0.0	0.15093	0.0	0.0	0.21432	0.0	0.31067	0.0	0.0	0.0	0.0	0.0	0.0	0.0	0.0	0.0	0.23689	0.0	0.0	0.0	0.09946	0.0	0.0	0.0	0.0	0.0	0.0	0.0	0.0	0.0	0.0	0.0	0.0	0.0	0.14246	0.18092	0.0	0.26979	0.0	0.0	0.0	0.0	0.0	0.0	0.0	0.0
0.0	0.0	1.0	0.02845	0.08131	0.1481	0.11685	0.05009	0.12294	0.03755	0.12391	0.10152	0.21615	0.0	0.0	0.08733	0.12294	0.06237	0.15984	0.0	0.05887	0.07246	0.0	0.0	0.05943	0.05866	0.05213	0.0	0.08962	0.0	0.04742	0.28907	0.10609	0.0	0.0	0.06824	0.0	0.06525	0.09432	0.0	0.0	0.13459	0.05176	0.0	0.06824	0.03484	0.09423	0.0	0.0	0.0	0.0	0.08733	0.0	0.0341	0.06173	0.0	0.03412	0.09874	0.05609	0.05009	0.04721	0.07344	0.04748	0.08439	0.0	0.0	0.0	0.0	0.0	0.0823	0.0	0.0	0.0	0.0	0.0	0.06202	0.0	0.0	0.0	0.0	0.0	0.0	0.0	0.0	0.06525	0.02845	0.0	0.0	0.0	0.0	0.0	0.0	0.0	0.05235	0.0	0.0	0.0	0.0	0.0	0.06294	0.0	0.0	0.05887	0.0	0.0	0.05167	0.0	0.0	0.0	0.0	0.05609	0.04427	0.06335	0.0	0.04246	0.0	0.05213	0.0
0.0	0.0	0.02845	1.0	0.09485	0.05118	0.03922	0.0819	0.04118	0.7339	0.02302	0.03292	0.02404	0.0	0.0	0.02845	0.1321	0.01972	0.06825	0.0	0.09562	0.07773	0.0	0.0	0.06986	0.06897	0.14921	0.0	0.03033	0.0	0.07769	0.0	0.03572	0.0	0.0	0.11465	0.0	0.01905	0.03187	0.0	0.0	0.02495	0.14299	0.0	0.11465	0.0	0.11667	0.0	0.0	0.0	0.0	0.02845	0.0	0.05427	0.32947	0.0	0.05869	0.03205	0.01709	0.14359	0.07026	0.02312	0.26921	0.02861	0.0	0.0	0.0	0.0	0.0	0.02686	0.0	0.0	0.0	0.0	0.0	0.08042	0.0	0.0	0.0	0.0	0.0	0.0	0.0	0.0	0.01905	0.34713	0.0	0.0	0.0	0.0	0.0	0.0	0.0	0.0	0.0	0.0	0.0	0.0	0.0	0.07887	0.0	0.0	0.09562	0.0	0.0	0.0	0.0	0.0	0.0	0.0	0.01709	0.0336	0.02002	0.0	0.01253	0.0	0.14921	0.0
0.0	0.0	0.08131	0.09485	1.0	0.13489	0.67051	0.09716	0.11252	0.12778	0.06842	0.09348	0.06911	0.17808	0.0	0.23941	0.28199	0.17347	0.19869	0.0	0.11248	0.22572	0.0	0.04085	0.30277	0.24836	0.25079	0.0	0.22906	0.0	0.09241	0.0	0.09824	0.0	0.0	0.13083	0.0	0.0608	0.25929	0.0	0.0	0.07391	0.3455	0.0	0.13083	0.0	0.33299	0.0	0.0	0.0	0.0	0.23941	0.0	0.06714	0.12139	0.0	0.06899	0.09112	0.1561	0.3222	0.14967	0.0687	0.094	0.07935	0.0	0.0	0.0	0.08037	0.0	0.07694	0.0	0.0	0.0	0.0	0.0	0.17125	0.0	0.0	0.0	0.21214	0.0	0.0	0.0	0.0	0.0608	0.09485	0.0	0.04159	0.0	0.0	0.0	0.0	0.0	0.0	0.0	0.07915	0.0	0.0	0.0	0.22859	0.0	0.0	0.11248	0.0	0.0	0.0	0.0	0.0	0.0	0.0	0.1561	0.04118	0.05978	0.0	0.04053	0.0	0.25079	0.0
0.0	0.0	0.1481	0.05118	0.13489	1.0	0.20598	0.09377	0.82914	0.06686	0.12426	0.18175	0.11839	0.0	0.0	0.1481	0.22143	0.10158	0.08573	0.0	0.1199	0.11648	0.0	0.0	0.09135	0.08993	0.09945	0.0	0.14419	0.0	0.08663	0.0	0.1802	0.0	0.0	0.13806	0.0	0.11806	0.15407	0.0	0.0	0.13848	0.10656	0.06537	0.13806	0.05407	0.17498	0.0	0.0	0.0	0.22713	0.1481	0.0	0.05879	0.09561	0.0	0.05272	0.17486	0.09317	0.09377	0.0756	0.12495	0.08085	0.13354	0.0	0.11215	0.0	0.0	0.0	0.13703	0.0	0.0	0.0	0.0	0.0	0.09616	0.0	0.27613	0.0	0.0	0.0	0.0	0.0	0.0	0.11806	0.05118	0.0	0.0	0.0	0.08748	0.0	0.0	0.0	0.0	0.0	0.0	0.0	0.0	0.0	0.10272	0.0	0.0	0.1199	0.0	0.27613	0.0	0.0	0.0	0.0	0.0	0.09317	0.07358	0.10356	0.0	0.06912	0.0	0.09945	0.0
0.0	0.0	0.11685	0.03922	0.67051	0.20598	1.0	0.07093	0.1706	0.0516	0.09778	0.14017	0.09535	0.299	0.0	0.34406	0.1706	0.23942	0.06946	0.0	0.08733	0.09393	0.0	0.0619	0.22081	0.20481	0.0746	0.0	0.32039	0.0	0.06623	0.0	0.14236	0.0	0.0	0.10095	0.0	0.09024	0.36426	0.0	0.0	0.10782	0.07717	0.0	0.10095	0.0	0.13265	0.0	0.0	0.0	0.0	0.34406	0.0	0.04599	0.07825	0.0	0.0433	0.13548	0.21744	0.07093	0.0608	0.09827	0.06381	0.10863	0.0	0.0	0.0	0.11715	0.0	0.10894	0.0	0.0	0.0	0.0	0.0	0.07867	0.0	0.0	0.0	0.36032	0.0	0.0	0.0	0.0	0.09024	0.03922	0.0	0.0609	0.0	0.0	0.0	0.0	0.0	0.0	0.0	0.13289	0.0	0.0	0.0	0.08216	0.0	0.0	0.08733	0.0	0.0	0.0	0.0	0.0	0.0	0.0	0.21744	0.05866	0.08277	0.0	0.05512	0.0	0.0746	0.0
0.0	0.0	0.05009	0.0819	0.09716	0.09377	0.07093	1.0	0.07607	0.11146	0.04111	0.06112	0.04024	0.0	0.0	0.05009	0.15214	0.03375	0.06428	0.0	0.20115	0.0802	0.0	0.0	0.06629	0.06527	0.16813	0.0	0.05013	0.0	0.14716	0.0	0.0623	0.0	0.0	0.23689	0.0	0.0373	0.05348	0.0	0.0	0.0457	0.17479	0.0	0.23689	0.0	0.12907	0.0	0.0	0.0	0.0	0.05009	0.0	0.09834	0.06933	0.0	0.09316	0.05887	0.03026	0.15885	0.06221	0.04134	0.14147	0.0465	0.0	0.0	0.0	0.0	0.0	0.04643	0.0	0.0	0.0	0.0	0.0	0.07382	0.0	0.0	0.0	0.0	0.0	0.0	0.0	0.0	0.0373	0.0819	0.0	0.0	0.0	0.0	0.0	0.0	0.0	0.0	0.0	0.0	0.0	0.0	0.0	0.07678	0.0	0.0	0.34084	0.0	0.0	0.0	0.0	0.0	0.0	0.0	0.03026	0.05736	0.0344	0.0	0.02207	0.0	0.16813	0.0
0.0	0.0	0.12294	0.04118	0.11252	0.82914	0.1706	0.07607	1.0	0.05454	0.10243	0.14902	0.09936	0.0	0.0	0.12294	0.18246	0.08451	0.07178	0.0	0.09525	0.09783	0.0	0.0	0.07745	0.07628	0.08031	0.0	0.12192	0.0	0.07069	0.0	0.15053	0.0	0.0	0.11052	0.0	0.09487	0.12984	0.0	0.0	0.11351	0.08394	0.05557	0.11052	0.04641	0.14137	0.0	0.0	0.0	0.18739	0.12294	0.0	0.04831	0.08093	0.0	0.04497	0.14373	0.07671	0.07607	0.06272	0.10298	0.0675	0.11332	0.0	0.09377	0.0	0.0	0.0	0.11422	0.0	0.0	0.0	0.0	0.0	0.08138	0.0	0.2238	0.0	0.0	0.0	0.0	0.0	0.0	0.09487	0.04118	0.0	0.0	0.0	0.07299	0.0	0.0	0.0	0.0	0.0	0.0	0.0	0.0	0.0	0.08542	0.0	0.0	0.09525	0.0	0.2238	0.0	0.0	0.0	0.0	0.0	0.07671	0.06177	0.08608	0.0	0.05682	0.0	0.08031	0.0
0.0	0.0	0.03755	0.7339	0.12778	0.06686	0.0516	0.11146	0.05454	1.0	0.0309	0.04419	0.03119	0.0	0.0	0.03755	0.18259	0.02608	0.0903	0.0	0.13332	0.10533	0.0	0.0	0.09169	0.09043	0.20634	0.0	0.03876	0.0	0.10496	0.0	0.04646	0.0	0.0	0.157	0.0	0.02703	0.04093	0.0	0.0	0.03376	0.20567	0.0	0.157	0.0	0.16282	0.0	0.0	0.0	0.0	0.03755	0.0	0.07318	0.43132	0.0	0.07398	0.04288	0.02315	0.19747	0.0914	0.03104	0.36222	0.03635	0.0	0.0	0.0	0.0	0.0	0.03524	0.0	0.0	0.0	0.0	0.0	0.10404	0.0	0.0	0.0	0.0	0.0	0.0	0.0	0.0	0.02703	0.49146	0.0	0.0	0.0	0.0	0.0	0.0	0.0	0.0	0.0	0.0	0.0	0.0	0.0	0.10554	0.0	0.0	0.13332	0.0	0.0	0.0	0.0	0.0	0.0	0.0	0.02315	0.0434	0.02652	0.0	0.01714	0.0	0.20634	0.0
0.0	0.0	0.12391	0.02302	0.06842	0.12426	0.09778	0.04111	0.10243	0.0309	1.0	0.08407	0.21067	0.0	0.0	0.07313	0.10243	0.05234	0.1555	0.0	0.04759	0.06141	0.0	0.0	0.0509	0.05027	0.04264	0.05567	0.07644	0.0	0.03911	0.0	0.08944	0.0	0.0	0.05567	0.21225	0.05272	0.08018	0.0	0.0	0.65273	0.04143	0.0	0.05567	0.05169	0.07687	0.0	0.0	0.0	0.0	0.07313	0.0	0.02825	0.05277	0.0	0.02937	0.08194	0.04652	0.04111	0.03951	0.06102	0.04001	0.27398	0.0	0.0	0.0	0.0	0.0	0.0692	0.0	0.0	0.0	0.0	0.0	0.20319	0.0	0.0	0.0	0.0	0.0	0.0	0.0	0.0	0.05272	0.02302	0.0	0.0	0.0	0.0	0.0	0.0	0.0	0.07687	0.0	0.0	0.0	0.0	0.0	0.05279	0.0	0.0	0.04759	0.0	0.0	0.07753	0.0	0.0	0.0	0.0	0.04652	0.1379	0.05311	0.0	0.03515	0.0	0.04264	0.0
0.0	0.0	0.10152	0.03292	0.09348	0.18175	0.14017	0.06112	0.14902	0.04419	0.08407	1.0	0.08319	0.0	0.0	0.10152	0.14902	0.07016	0.06009	0.0	0.07472	0.08198	0.0	0.0	0.06569	0.06474	0.06418	0.0	0.10273	0.0	0.05719	0.0	0.12496	0.0	0.0	0.08733	0.0	0.63704	0.10894	0.0	0.0	0.09251	0.0653	0.0	0.08733	0.0	0.41296	0.0	0.0	0.0	0.0	0.10152	0.0	0.03949	0.0685	0.0	0.03831	0.11729	0.06299	0.06112	0.05201	0.08449	0.056	0.09591	0.19948	0.0	0.0	0.0	0.0	0.24292	0.0	0.0	0.0	0.0	0.0	0.06886	0.0	0.0	0.0	0.0	0.0	0.24321	0.0	0.0	0.63704	0.03292	0.0	0.0	0.0	0.0	0.0	0.0	0.0	0.0	0.0	0.0	0.18236	0.2456	0.28681	0.07087	0.16971	0.0	0.07472	0.2456	0.0	0.0	0.0	0.0	0.0	0.0	0.06299	0.05158	0.0714	0.15417	0.04665	0.0	0.06418	0.0
0.0	0.0	0.21615	0.02404	0.06911	0.11839	0.09535	0.04024	0.09936	0.03119	0.21067	0.08319	1.0	0.0	0.0	0.07341	0.09936	0.05422	0.41432	0.0	0.04572	0.06261	0.0	0.0	0.05264	0.05203	0.04155	0.05264	0.07641	0.0	0.0385	0.05849	0.08806	0.0	0.0	0.05264	0.11844	0.05495	0.07979	0.0	0.0	0.2259	0.04041	0.0	0.05264	0.15837	0.07678	0.0	0.0	0.0	0.0	0.07341	0.0	0.02877	0.05443	0.0	0.02972	0.08131	0.04884	0.04024	0.04197	0.06239	0.03937	0.18188	0.0	0.0	0.0	0.0	0.0	0.06983	0.0	0.0	0.0	0.0	0.0	0.13802	0.0	0.0	0.0	0.0	0.0	0.0	0.0	0.0	0.05495	0.02404	0.0	0.0	0.0	0.0	0.0	0.0	0.0	0.22607	0.0	0.0	0.0	0.0	0.0	0.05464	0.0	0.0	0.04572	0.0	0.0	0.22783	0.0	0.0	0.0	0.0	0.04884	0.09803	0.05495	0.0	0.03784	0.0	0.04155	0.0
0.0	0.0	0.0	0.0	0.17808	0.0	0.299	0.0	0.0	0.0	0.0	0.0	0.0	1.0	0.0	0.08866	0.0	0.05679	0.0	0.0	0.0	0.0	0.0	0.08893	0.05031	0.04503	0.0	0.0	0.07668	0.0	0.0	0.0	0.0	0.0	0.0	0.0	0.0	0.0	0.09227	0.0	0.0	0.0	0.0	0.0	0.0	0.0	0.0	0.0	0.0	0.0	0.0	0.08866	0.0	0.0	0.0	0.0	0.0	0.0	0.05138	0.0	0.0	0.0	0.0	0.0	0.0	0.0	0.0	0.15739	0.0	0.0	0.0	0.0	0.0	0.0	0.0	0.0	0.0	0.0	0.0	0.76415	0.0	0.0	0.0	0.0	0.0	0.0	0.0	0.08409	0.0	0.0	0.0	0.0	0.0	0.0	0.0	0.2623	0.0	0.0	0.0	0.0	0.0	0.0	0.0	0.0	0.0	0.0	0.0	0.0	0.0	0.0	0.05138	0.0	0.0	0.0	0.0	0.0	0.0	0.0
0.0	0.0	0.0	0.0	0.0	0.0	0.0	0.0	0.0	0.0	0.0	0.0	0.0	0.0	1.0	0.0	0.0	0.0	0.0	0.0	0.0	0.0	0.0	0.0	0.0	0.0	0.0	0.0	0.0	0.0	0.0	0.0	0.0	0.0	0.0	0.0	0.0	0.0	0.0	0.0	0.0	0.0	0.0	0.12413	0.0	0.09299	0.0	0.0	0.0	0.0	0.0	0.0	0.0	0.0372	0.0	0.06986	0.03656	0.0	0.0	0.0	0.0	0.0	0.0	0.0	0.0	0.17322	0.0	0.0	0.04709	0.0	0.0	0.0	0.0	0.0477	0.0	0.0	0.06117	0.0	0.0	0.0	0.0	0.0	0.06738	0.0	0.0	0.0	0.0	0.0	0.0	0.0	0.27971	0.0	0.0	0.0	0.0	0.0	0.0	0.0	0.0	0.0	0.0	0.13896	0.0	0.0	0.0	0.0	0.0	0.0	0.0	0.0	0.0	0.0	0.0	0.04359	0.02496	0.0	0.0	0.0
0.0	0.0	0.08733	0.02845	0.23941	0.1481	0.34406	0.05009	0.12294	0.03755	0.07313	0.10152	0.07341	0.08866	0.0	1.0	0.12294	0.38939	0.05428	0.0	0.05887	0.07246	0.0	0.09946	0.175	0.33545	0.05213	0.0	0.5073	0.0	0.04742	0.0	0.10609	0.0	0.0	0.06824	0.0	0.06525	0.27771	0.0	0.0	0.07943	0.05176	0.0	0.06824	0.0	0.09423	0.0	0.0	0.0	0.0	0.25713	0.0	0.0341	0.06173	0.0	0.03412	0.09874	0.35015	0.05009	0.04721	0.07344	0.04748	0.08439	0.0	0.0	0.0	0.03826	0.0	0.0823	0.0	0.0	0.0	0.0	0.0	0.06202	0.0	0.0	0.0	0.1062	0.0	0.0	0.0	0.0	0.06525	0.02845	0.0	0.10068	0.0	0.0	0.0	0.0	0.0	0.0	0.0	0.08866	0.0	0.0	0.0	0.06294	0.0	0.0	0.05887	0.0	0.0	0.0	0.0	0.0	0.0	0.0	0.35015	0.04427	0.06335	0.0	0.04246	0.0	0.05213	0.0
0.0	0.0	0.12294	0.1321	0.28199	0.22143	0.1706	0.15214	0.18246	0.18259	0.10243	0.14902	0.09936	0.0	0.0	0.12294	1.0	0.08451	0.19045	0.0	0.19051	0.29837	0.0	0.0	0.18933	0.30302	0.54336	0.0	0.20659	0.0	0.14138	0.0	0.25507	0.0	0.0	0.2238	0.0	0.09487	0.12984	0.0	0.0	0.11351	0.39617	0.0	0.2238	0.0	0.37506	0.0	0.0	0.0	0.0	0.12294	0.0	0.09544	0.15787	0.0	0.09106	0.24354	0.07671	0.35288	0.23279	0.17449	0.13669	0.11332	0.0	0.0	0.0	0.0	0.0	0.19353	0.0	0.0	0.0	0.0	0.0	0.21928	0.0	0.0	0.0	0.0	0.0	0.0	0.0	0.0	0.09487	0.1321	0.0	0.0	0.0	0.0	0.0	0.0	0.0	0.0	0.0	0.0	0.0	0.0	0.0	0.22662	0.0	0.0	0.19051	0.0	0.0	0.0	0.0	0.0	0.0	0.0	0.07671	0.06177	0.14586	0.0	0.05682	0.0	0.3865	0.0
0.0	0.0	0.06237	0.01972	0.17347	0.10158	0.23942	0.03375	0.08451	0.02608	0.05234	0.07016	0.05422	0.05679	0.0	0.38939	0.08451	1.0	0.0409	0.0	0.038	0.05364	0.0	0.17362	0.13381	0.25439	0.03477	0.0	0.36982	0.0	0.03239	0.0	0.07547	0.0	0.0	0.04421	0.0	0.04504	0.20247	0.0	0.0	0.05591	0.03321	0.0	0.04421	0.0	0.06385	0.0	0.0	0.0	0.0	0.18365	0.0	0.02417	0.04693	0.0	0.02584	0.06867	0.79036	0.03375	0.03539	0.05252	0.03372	0.06285	0.0	0.0	0.0	0.02687	0.0	0.05949	0.0	0.0	0.0	0.0	0.0	0.04712	0.0	0.0	0.0	0.06779	0.0	0.0	0.0	0.0	0.04504	0.01972	0.0	0.17494	0.0	0.0	0.0	0.0	0.0	0.0	0.0	0.05679	0.0	0.0	0.0	0.0463	0.0	0.0	0.038	0.0	0.0	0.0	0.0	0.0	0.0	0.0	0.79036	0.03192	0.04655	0.0	0.03156	0.0	0.03477	0.0
0.0	0.0	0.15984	0.06825	0.19869	0.08573	0.06946	0.06428	0.07178	0.0903	0.1555	0.06009	0.41432	0.0	0.0	0.05428	0.19045	0.0409	1.0	0.0	0.07099	0.16939	0.0	0.0	0.1506	0.11699	0.1689	0.03657	0.05797	0.0	0.06206	0.04014	0.06515	0.0	0.0	0.08229	0.08229	0.03925	0.0601	0.0	0.0	0.16472	0.22699	0.0	0.08229	0.18514	0.22907	0.0	0.0	0.0	0.0	0.05428	0.0	0.04745	0.09234	0.0	0.05181	0.05899	0.03646	0.22051	0.11674	0.04602	0.06546	0.13815	0.0	0.0	0.0	0.0	0.0	0.05209	0.0	0.0	0.0	0.0	0.0	0.19583	0.0	0.0	0.0	0.0	0.0	0.0	0.0	0.0	0.03925	0.06825	0.0	0.0	0.0	0.0	0.0	0.0	0.0	0.25509	0.0	0.0	0.0	0.0	0.0	0.17307	0.0	0.0	0.07099	0.0	0.0	0.26526	0.0	0.0	0.0	0.0	0.03646	0.07158	0.04137	0.0	0.0286	0.0	0.1689	0.0
0.0	0.0	0.0	0.0	0.0	0.0	0.0	0.0	0.0	0.0	0.0	0.0	0.0	0.0	0.0	0.0	0.0	0.0	0.0	1.0	0.0	0.0	0.0	0.0	0.0	0.0	0.0	0.0	0.0	0.0	0.0	0.0	0.0	0.0	0.0	0.0	0.0	0.0	0.0	0.0	0.0	0.0	0.0	0.0	0.0	0.0	0.0	0.0	0.0	0.0	0.0	0.0	0.0	0.0	0.0	0.0	0.0	0.0	0.0	0.0	0.0	0.0	0.0	0.0	0.0	0.0	0.0	0.0	0.0	0.0	0.0	0.0	0.0	0.0	0.0	0.0	0.0	0.0	0.0	0.0	0.0	0.0	0.0	0.61068	0.0	0.0	0.0	0.0	0.0	0.0	0.0	0.0	0.0	0.0	0.0	0.0	0.0	0.0	0.0	0.0	0.0	0.0	0.0	0.0	0.0	0.0	0.0	0.0	0.0	0.0	0.0	0.0	0.0	0.0	0.0	0.0	0.0	0.0
0.0	0.0	0.05887	0.09562	0.11248	0.1199	0.08733	0.20115	0.09525	0.13332	0.04759	0.07472	0.04572	0.0	0.0	0.05887	0.19051	0.038	0.07099	0.0	1.0	0.09093	0.0	0.0	0.07308	0.07184	0.21626	0.0	0.0578	0.0	0.46835	0.0	0.0746	0.0	0.0	0.32843	0.0	0.04372	0.0623	0.0	0.0	0.05385	0.23527	0.0	0.32843	0.0	0.15932	0.0	0.0	0.0	0.0	0.05887	0.0	0.1948	0.07679	0.0	0.10463	0.07139	0.034	0.20115	0.06832	0.04789	0.16972	0.05303	0.0	0.0	0.0	0.0	0.0	0.05388	0.0	0.0	0.0	0.0	0.0	0.08182	0.0	0.0	0.0	0.0	0.0	0.0	0.0	0.0	0.04372	0.09562	0.0	0.0	0.0	0.0	0.0	0.0	0.0	0.0	0.0	0.0	0.0	0.0	0.0	0.08655	0.0	0.0	0.27416	0.0	0.0	0.0	0.0	0.0	0.0	0.0	0.034	0.06763	0.03881	0.0	0.02417	0.0	0.21626	0.0
0.0	0.0	0.07246	0.07773	0.22572	0.11648	0.09393	0.0802	0.09783	0.10533	0.06141	0.08198	0.06261	0.0	0.0	0.07246	0.29837	0.05364	0.16939	0.0	0.09093	1.0	0.05569	0.0	0.26569	0.16598	0.20058	0.0	0.12792	0.0	0.07678	0.0	0.67793	0.03899	0.0	0.10593	0.0	0.05425	0.23202	0.0	0.0	0.06579	0.26858	0.0	0.10593	0.0	0.26944	0.0	0.0	0.0	0.0	0.07246	0.06682	0.05682	0.10617	0.0	0.06028	0.13581	0.04832	0.25625	0.15856	0.10443	0.07959	0.20683	0.0	0.0	0.0	0.0	0.0	0.11687	0.0	0.0	0.11366	0.0	0.0	0.25041	0.0	0.0	0.0	0.0	0.0	0.0	0.0	0.0	0.05425	0.07773	0.0	0.0	0.0	0.0	0.0	0.0	0.04926	0.0	0.0	0.0	0.0	0.0	0.0	0.29769	0.0	0.04982	0.09093	0.0	0.0	0.0424	0.0	0.0	0.0	0.0	0.04832	0.07329	0.09211	0.0	0.14605	0.0	0.20058	0.0
0.0	0.0	0.0	0.0	0.0	0.0	0.0	0.0	0.0	0.0	0.0	0.0	0.0	0.0	0.0	0.0	0.0	0.0	0.0	0.0	0.0	0.05569	1.0	0.0	0.04387	0.0	0.0	0.0	0.0	0.0	0.0	0.0	0.08652	0.16225	0.0	0.0	0.0	0.0	0.07427	0.0	0.0	0.0	0.0	0.0	0.0	0.0	0.0	0.0	0.0	0.0	0.0	0.0	0.81049	0.0	0.0	0.0	0.0	0.0	0.0	0.0	0.0	0.0	0.0	0.05813	0.0	0.0	0.0	0.0	0.09807	0.0	0.0	0.17715	0.11455	0.0	0.0	0.04204	0.0	0.0	0.0	0.0	0.0	0.0	0.0	0.0	0.0	0.0	0.0	0.0	0.0	0.0	0.0	0.0	0.22143	0.0	0.07607	0.0	0.0	0.0	0.0	0.04858	0.0	0.54142	0.0	0.0	0.0	0.17203	0.0	0.0	0.0	0.0	0.0	0.06533	0.0	0.0	0.0456	0.0	0.0	0.14716
0.0	0.0	0.0	0.0	0.04085	0.0	0.0619	0.0	0.0	0.0	0.0	0.0	0.0	0.08893	0.0	0.09946	0.0	0.17362	0.0	0.0	0.0	0.0	0.0	1.0	0.02905	0.0566	0.0	0.0	0.08986	0.0	0.0	0.0	0.0	0.0	0.0	0.0	0.0	0.0	0.04869	0.0	0.0	0.0	0.0	0.0	0.0	0.0	0.0	0.0	0.0	0.0	0.0	0.04421	0.0	0.0	0.0	0.0	0.0	0.0	0.15214	0.0	0.0	0.0	0.0	0.0	0.0	0.0	0.0	0.03304	0.0	0.0	0.0	0.0	0.0	0.0	0.0	0.0	0.0	0.0	0.0	0.11011	0.0	0.0	0.0	0.0	0.0	0.0	0.0	0.22133	0.0	0.0	0.0	0.0	0.0	0.0	0.0	0.08893	0.0	0.0	0.0	0.0	0.0694	0.0	0.0	0.0	0.0	0.0	0.0	0.0	0.0	0.0	0.1006	0.0	0.0	0.0	0.0	0.0	0.0	0.0
0.0	0.0	0.05943	0.06986	0.30277	0.09135	0.22081	0.06629	0.07745	0.09169	0.0509	0.06569	0.05264	0.05031	0.0	0.175	0.18933	0.13381	0.1506	0.0	0.07308	0.26569	0.04387	0.02905	1.0	0.19512	0.16412	0.0	0.17122	0.0	0.06404	0.0	0.20731	0.03155	0.0	0.0842	0.0	0.04457	0.64524	0.0	0.0	0.05388	0.21419	0.0	0.0842	0.0	0.22152	0.0	0.0	0.0	0.0	0.175	0.05204	0.04937	0.09592	0.0	0.0534	0.06451	0.12076	0.20886	0.11682	0.05105	0.06724	0.17338	0.0	0.0	0.0	0.02636	0.0	0.05706	0.0	0.0	0.03869	0.0	0.0	0.21982	0.0	0.0	0.0	0.05894	0.0	0.0	0.0	0.0	0.04457	0.06986	0.0	0.03022	0.0	0.0	0.0	0.0	0.03884	0.0	0.0	0.11319	0.0	0.0	0.0	0.257	0.0	0.04014	0.07308	0.0	0.0	0.03445	0.0	0.0	0.0	0.0	0.12076	0.05999	0.04596	0.0	0.12698	0.0	0.16412	0.0
0.0	0.0	0.05866	0.06897	0.24836	0.08993	0.20481	0.06527	0.07628	0.09043	0.05027	0.06474	0.05203	0.04503	0.0	0.33545	0.30302	0.25439	0.11699	0.0	0.07184	0.16598	0.0	0.0566	0.19512	1.0	0.36007	0.0	0.67711	0.0	0.06309	0.0	0.11767	0.0	0.0	0.08275	0.0	0.044	0.17793	0.0	0.0	0.05317	0.1572	0.0	0.08275	0.0	0.17128	0.0	0.0	0.0	0.0	0.16131	0.0	0.04874	0.09494	0.0	0.05281	0.10776	0.22729	0.15646	0.14352	0.08543	0.06631	0.05944	0.0	0.0	0.0	0.02285	0.0	0.09548	0.0	0.0	0.0	0.0	0.0	0.1338	0.0	0.0	0.0	0.05336	0.0	0.0	0.0	0.0	0.044	0.06897	0.0	0.05963	0.0	0.0	0.0	0.0	0.0	0.0	0.0	0.04503	0.0	0.0	0.0	0.1304	0.0	0.0	0.07184	0.0	0.0	0.0	0.0	0.0	0.0	0.0	0.22729	0.0296	0.07701	0.0	0.0323	0.0	0.16645	0.0
0.0	0.0	0.05213	0.14921	0.25079	0.09945	0.0746	0.16813	0.08031	0.20634	0.04264	0.06418	0.04155	0.0	0.0	0.05213	0.54336	0.03477	0.1689	0.0	0.21626	0.20058	0.0	0.0	0.16412	0.36007	1.0	0.0	0.05193	0.0	0.15509	0.0	0.06511	0.0	0.0	0.25557	0.0	0.03879	0.05554	0.0	0.0	0.04759	0.48028	0.0	0.25557	0.0	0.34808	0.0	0.0	0.0	0.0	0.05213	0.0	0.10221	0.12346	0.0	0.09591	0.06171	0.03116	0.41623	0.17189	0.04288	0.14793	0.04805	0.0	0.0	0.0	0.0	0.0	0.04818	0.0	0.0	0.0	0.0	0.0	0.19415	0.0	0.0	0.0	0.0	0.0	0.0	0.0	0.0	0.03879	0.14921	0.0	0.0	0.0	0.0	0.0	0.0	0.0	0.0	0.0	0.0	0.0	0.0	0.0	0.20275	0.0	0.0	0.21626	0.0	0.0	0.0	0.0	0.0	0.0	0.0	0.03116	0.05974	0.03545	0.0	0.02258	0.0	0.45753	0.0
0.0	0.0	0.0	0.0	0.0	0.0	0.0	0.0	0.0	0.0	0.05567	0.0	0.05264	0.0	0.0	0.0	0.0	0.0	0.03657	0.0	0.0	0.0	0.0	0.0	0.0	0.0	0.0	1.0	0.0	0.0	0.0	0.0	0.0	0.0	0.0	0.0	0.17344	0.0	0.0	0.0	0.0	0.06322	0.0	0.0	0.0	0.04693	0.0	0.0	0.0	0.0	0.0	0.0	0.0	0.0	0.0	0.0	0.0	0.0	0.0	0.0	0.0	0.0	0.0	0.05431	0.0	0.0	0.0	0.0	0.0	0.0	0.0	0.0	0.0	0.0	0.0	0.03796	0.0	0.0	0.0	0.0	0.0	0.0	0.0	0.0	0.0	0.0	0.0	0.0	0.0	0.0	0.0	0.0	0.0	0.08394	0.0	0.0	0.0	0.0	0.0	0.0	0.0	0.0	0.0	0.0	0.0	0.07543	0.0	0.0	0.0	0.0	0.0	0.05857	0.0	0.0	0.0	0.0	0.0	0.0
0.0	0.0	0.08962	0.03033	0.22906	0.14419	0.32039	0.05013	0.12192	0.03876	0.07644	0.10273	0.07641	0.07668	0.0	0.5073	0.20659	0.36982	0.05797	0.0	0.0578	0.12792	0.0	0.08986	0.17122	0.67711	0.05193	0.0	1.0	0.0	0.04773	0.0	0.18094	0.0	0.0	0.06591	0.0	0.06944	0.26382	0.0	0.0	0.08245	0.0516	0.0	0.06591	0.0	0.09622	0.0	0.0	0.0	0.0	0.24452	0.0	0.0355	0.06502	0.0	0.03526	0.16976	0.33357	0.05013	0.0867	0.13004	0.04776	0.08661	0.0	0.0	0.0	0.03502	0.0	0.14385	0.0	0.0	0.0	0.0	0.0	0.06531	0.0	0.0	0.0	0.09121	0.0	0.0	0.0	0.0	0.06944	0.03033	0.0	0.09165	0.0	0.0	0.0	0.0	0.0	0.0	0.0	0.07668	0.0	0.0	0.0	0.06655	0.0	0.0	0.0578	0.0	0.0	0.0	0.0	0.0	0.0	0.0	0.33357	0.04482	0.11345	0.0	0.0466	0.0	0.05193	0.0
0.14709	0.0	0.0	0.0	0.0	0.0	0.0	0.0	0.0	0.0	0.0	0.0	0.0	0.0	0.0	0.0	0.0	0.0	0.0	0.0	0.0	0.0	0.0	0.0	0.0	0.0	0.0	0.0	0.0	1.0	0.0	0.0	0.0	0.0	0.0	0.0	0.0	0.0	0.0	0.0	0.0	0.0	0.0	0.38015	0.0	0.0	0.0	0.0	0.0	0.0	0.0	0.0	0.0	0.0	0.0	0.0	0.0	0.0	0.0	0.0	0.0	0.0	0.0	0.0	0.0	0.0	0.0	0.0	0.0	0.0	0.0	0.10682	0.0	0.0	0.0	0.0	0.0	0.0	0.0	0.0	0.0	0.0	0.0	0.0	0.0	0.0	0.14952	0.0	0.0	0.0	0.0	0.0	0.0	0.0	0.0	0.0	0.0	0.0	0.0	0.0	0.0	0.0	0.0	0.0	0.0	0.0	0.0	0.0	0.0	0.0	0.0	0.0	0.0	0.0	0.0	0.0	0.0	0.09046
0.0	0.0	0.04742	0.07769	0.09241	0.08663	0.06623	0.14716	0.07069	0.10496	0.03911	0.05719	0.0385	0.0	0.0	0.04742	0.14138	0.03239	0.06206	0.0	0.46835	0.07678	0.0	0.0	0.06404	0.06309	0.15509	0.0	0.04773	0.0	1.0	0.0	0.05864	0.0	0.0	0.21432	0.0	0.03534	0.05076	0.0	0.0	0.04323	0.15932	0.0	0.21432	0.0	0.12043	0.0	0.0	0.0	0.0	0.04742	0.0	0.19944	0.06688	0.0	0.16897	0.05521	0.02906	0.14716	0.06017	0.03931	0.1331	0.04443	0.0	0.0	0.0	0.0	0.0	0.04413	0.0	0.0	0.0	0.0	0.0	0.0712	0.0	0.0	0.0	0.0	0.0	0.0	0.0	0.0	0.03534	0.07769	0.0	0.0	0.0	0.0	0.0	0.0	0.0	0.0	0.0	0.0	0.0	0.0	0.0	0.07364	0.0	0.0	0.18277	0.0	0.0	0.0	0.0	0.0	0.0	0.0	0.02906	0.05425	0.03298	0.0	0.02136	0.0	0.15509	0.0
0.0	0.0	0.28907	0.0	0.0	0.0	0.0	0.0	0.0	0.0	0.0	0.0	0.05849	0.0	0.0	0.0	0.0	0.0	0.04014	0.0	0.0	0.0	0.0	0.0	0.0	0.0	0.0	0.0	0.0	0.0	0.0	1.0	0.0	0.0	0.0	0.0	0.0	0.0	0.0	0.0	0.0	0.0	0.0	0.0	0.0	0.0509	0.0	0.0	0.0	0.0	0.0	0.0	0.0	0.0	0.0	0.0	0.0	0.0	0.0	0.0	0.0	0.0	0.0	0.0	0.0	0.0	0.0	0.0	0.0	0.0	0.0	0.0	0.0	0.0	0.0	0.0	0.0	0.0	0.0	0.0	0.0	0.0	0.0	0.0	0.0	0.0	0.0	0.0	0.0	0.0	0.0	0.0	0.0	0.09213	0.0	0.0	0.0	0.0	0.0	0.0	0.0	0.0	0.0	0.0	0.0	0.08381	0.0	0.0	0.0	0.0	0.0	0.0	0.0	0.0	0.0	0.0	0.0	0.0
0.0	0.0	0.10609	0.03572	0.09824	0.1802	0.14236	0.0623	0.15053	0.04646	0.08944	0.12496	0.08806	0.0	0.0	0.10609	0.25507	0.07547	0.06515	0.0	0.0746	0.67793	0.08652	0.0	0.20731	0.11767	0.06511	0.0	0.18094	0.0	0.05864	0.0	1.0	0.05915	0.0	0.08573	0.0	0.08204	0.33216	0.0	0.0	0.09778	0.06621	0.0	0.08573	0.0	0.11776	0.0	0.0	0.0	0.0	0.10609	0.10477	0.04186	0.07327	0.0	0.04024	0.20541	0.06861	0.0623	0.09692	0.15226	0.05737	0.28927	0.0	0.0	0.0	0.0	0.0	0.16865	0.0	0.0	0.19117	0.0	0.0	0.2132	0.0	0.0	0.0	0.0	0.0	0.0	0.0	0.0	0.08204	0.03572	0.0	0.0	0.0	0.0	0.0	0.0	0.07734	0.0	0.0	0.0	0.0	0.0	0.0	0.22434	0.0	0.07427	0.0746	0.0	0.0	0.0631	0.0	0.0	0.0	0.0	0.06861	0.10768	0.13	0.0	0.19527	0.0	0.06511	0.0
0.0	0.17116	0.0	0.0	0.0	0.0	0.0	0.0	0.0	0.0	0.0	0.0	0.0	0.0	0.0	0.0	0.0	0.0	0.0	0.0	0.0	0.03899	0.16225	0.0	0.03155	0.0	0.0	0.0	0.0	0.0	0.0	0.0	0.05915	1.0	0.0	0.0	0.0	0.0	0.052	0.11435	0.23156	0.0	0.0	0.0	0.0	0.0	0.0	0.23156	0.11844	0.0	0.0	0.0	0.20152	0.0	0.09237	0.0	0.09139	0.0	0.0	0.0	0.0	0.0	0.0	0.04047	0.0	0.0	0.19683	0.0	0.0	0.0	0.0	0.0	0.06762	0.11779	0.0	0.02934	0.15291	0.0	0.19948	0.0	0.0	0.0	0.0	0.0	0.0	0.0	0.0	0.0	0.16288	0.0	0.0	0.0	0.30957	0.0	0.0	0.0	0.0	0.0	0.0	0.03336	0.0	0.13896	0.0	0.0	0.0	0.19499	0.1155	0.10292	0.0	0.18324	0.0	0.04307	0.0	0.0	0.03384	0.0	0.0	0.0
0.0	0.0	0.0	0.0	0.0	0.0	0.0	0.0	0.0	0.0	0.0	0.0	0.0	0.0	0.0	0.0	0.0	0.0	0.0	0.0	0.0	0.0	0.0	0.0	0.0	0.0	0.0	0.0	0.0	0.0	0.0	0.0	0.0	0.0	1.0	0.0	0.0	0.0	0.0	0.0	0.0	0.0	0.0	0.0	0.0	0.0	0.0	0.0	0.0	0.0	0.0	0.0	0.0	0.0	0.0	0.0	0.0	0.0	0.0	0.0	0.0	0.0	0.0	0.0	0.0	0.0	0.0	0.0	0.0	0.0	0.0	0.0	0.0	0.0	0.0	0.0	0.0	0.0	0.0	0.0	0.0	0.0	0.0	0.0	0.0	0.0	0.0	0.0	0.0	0.0	0.0	0.0	0.0	0.0	0.0	0.0	0.55895	0.0	0.0	0.0	0.0	0.0	0.0	0.0	0.0	0.0	0.0	0.0	0.0	0.0	0.0	0.0	0.0	0.0	0.0	0.0	0.0	0.0
0.0	0.0	0.06824	0.11465	0.13083	0.13806	0.10095	0.23689	0.11052	0.157	0.05567	0.08733	0.05264	0.0	0.0	0.06824	0.2238	0.04421	0.08229	0.0	0.32843	0.10593	0.0	0.0	0.0842	0.08275	0.25557	0.0	0.06591	0.0	0.21432	0.0	0.08573	0.0	0.0	1.0	0.0	0.05247	0.07119	0.0	0.0	0.06322	0.28448	0.0	0.39024	0.0	0.18887	0.0	0.0	0.0	0.0	0.06824	0.0	0.13476	0.08856	0.0	0.1187	0.08329	0.04001	0.23689	0.07891	0.05603	0.19512	0.06034	0.0	0.0	0.0	0.0	0.0	0.0623	0.0	0.0	0.0	0.0	0.0	0.09375	0.0	0.0	0.0	0.0	0.0	0.0	0.0	0.0	0.05247	0.11465	0.0	0.0	0.0	0.0	0.0	0.0	0.0	0.0	0.0	0.0	0.0	0.0	0.0	0.10073	0.0	0.0	0.32843	0.0	0.0	0.0	0.0	0.0	0.0	0.0	0.04001	0.07748	0.04518	0.0	0.02862	0.0	0.25557	0.0
0.0	0.0	0.0	0.0	0.0	0.0	0.0	0.0	0.0	0.0	0.21225	0.0	0.11844	0.0	0.0	0.0	0.0	0.0	0.08229	0.0	0.0	0.0	0.0	0.0	0.0	0.0	0.0	0.17344	0.0	0.0	0.0	0.0	0.0	0.0	0.0	0.0	1.0	0.0	0.0	0.0	0.0	0.24101	0.0	0.0	0.0	0.10559	0.0	0.0	0.0	0.0	0.0	0.0	0.0	0.0	0.0	0.0	0.0	0.0	0.0	0.0	0.0	0.0	0.0	0.19951	0.0	0.0	0.0	0.0	0.0	0.0	0.0	0.0	0.0	0.0	0.0	0.14011	0.0	0.0	0.0	0.0	0.0	0.0	0.0	0.0	0.0	0.0	0.0	0.0	0.0	0.0	0.0	0.0	0.0	0.18887	0.0	0.0	0.0	0.0	0.0	0.0	0.0	0.0	0.0	0.0	0.0	0.16972	0.0	0.0	0.0	0.0	0.0	0.2233	0.0	0.0	0.0	0.0	0.0	0.0
0.0	0.0	0.06525	0.01905	0.0608	0.11806	0.09024	0.0373	0.09487	0.02703	0.05272	0.63704	0.05495	0.0	0.0	0.06525	0.09487	0.04504	0.03925	0.0	0.04372	0.05425	0.0	0.0	0.04457	0.044	0.03879	0.0	0.06944	0.0	0.03534	0.0	0.08204	0.0	0.0	0.05247	0.0	1.0	0.07303	0.0	0.0	0.05722	0.03708	0.0	0.05247	0.0	0.24704	0.0	0.0	0.0	0.0	0.06525	0.0	0.02457	0.04628	0.0	0.02648	0.07367	0.03904	0.0373	0.03291	0.05295	0.03671	0.06543	0.12299	0.0	0.0	0.0	0.0	0.15769	0.0	0.0	0.0	0.0	0.0	0.0465	0.0	0.0	0.0	0.0	0.0	0.15155	0.0	0.0	0.72228	0.01905	0.0	0.0	0.0	0.0	0.0	0.0	0.0	0.0	0.0	0.0	0.12002	0.1448	0.17215	0.04544	0.1029	0.0	0.04372	0.1448	0.0	0.0	0.0	0.0	0.0	0.0	0.03904	0.03426	0.04574	0.10169	0.02854	0.0	0.03879	0.0
0.0	0.0	0.09432	0.03187	0.25929	0.15407	0.36426	0.05348	0.12984	0.04093	0.08018	0.10894	0.07979	0.09227	0.0	0.27771	0.12984	0.20247	0.0601	0.0	0.0623	0.23202	0.07427	0.04869	0.64524	0.17793	0.05554	0.0	0.26382	0.0	0.05076	0.0	0.33216	0.052	0.0	0.07119	0.0	0.07303	1.0	0.0	0.0	0.08681	0.05553	0.0	0.07119	0.0	0.10222	0.0	0.0	0.0	0.0	0.27771	0.08898	0.03732	0.06746	0.0	0.03672	0.10609	0.18431	0.05348	0.05296	0.08051	0.05047	0.26154	0.0	0.0	0.0	0.0424	0.0	0.0891	0.0	0.0	0.07095	0.0	0.0	0.1962	0.0	0.0	0.0	0.10883	0.0	0.0	0.0	0.0	0.07303	0.03187	0.0	0.04888	0.0	0.0	0.0	0.0	0.06645	0.0	0.0	0.20761	0.0	0.0	0.0	0.20424	0.0	0.06506	0.0623	0.0	0.0	0.05566	0.0	0.0	0.0	0.0	0.18431	0.09557	0.0698	0.0	0.18113	0.0	0.05554	0.0
0.0	0.0	0.0	0.0	0.0	0.0	0.0	0.0	0.0	0.0	0.0	0.0	0.0	0.0	0.0	0.0	0.0	0.0	0.0	0.0	0.0	0.0	0.0	0.0	0.0	0.0	0.0	0.0	0.0	0.0	0.0	0.0	0.0	0.11435	0.0	0.0	0.0	0.0	0.0	1.0	0.0	0.0	0.0	0.0	0.0	0.0	0.0	0.0	0.0	0.0	0.0	0.0	0.0	0.0	0.05297	0.0	0.0	0.0	0.0	0.0	0.0	0.0	0.0	0.0	0.0	0.0	0.0	0.0	0.0	0.0	0.0	0.0	0.0	0.0	0.0	0.0	0.0	0.0	0.0	0.0	0.0	0.0	0.0	0.0	0.0	0.0	0.0	0.0	0.0	0.0	0.0	0.0	0.0	0.0	0.0	0.0	0.0	0.0	0.0	0.0	0.0	0.0	0.0	0.0	0.0	0.0	0.0	0.0	0.0	0.0	0.0	0.0	0.0	0.0	0.0	0.0	0.0	0.0
0.0	0.40706	0.0	0.0	0.0	0.0	0.0	0.0	0.0	0.0	0.0	0.0	0.0	0.0	0.0	0.0	0.0	0.0	0.0	0.0	0.0	0.0	0.0	0.0	0.0	0.0	0.0	0.0	0.0	0.0	0.0	0.0	0.0	0.23156	0.0	0.0	0.0	0.0	0.0	0.0	1.0	0.0	0.0	0.0	0.0	0.0	0.0	0.59016	0.21098	0.0	0.0	0.0	0.0	0.0	0.0	0.0	0.13716	0.0	0.0	0.0	0.0	0.0	0.0	0.0	0.0	0.0	0.48071	0.0	0.0	0.0	0.0	0.0	0.0	0.20916	0.0	0.0	0.29611	0.0	0.43114	0.0	0.0	0.0	0.0	0.0	0.0	0.0	0.0	0.0	0.33095	0.0	0.0	0.0	0.13806	0.0	0.0	0.0	0.0	0.0	0.0	0.0	0.0	0.0	0.0	0.0	0.0	0.0	0.19012	0.2623	0.0	0.36772	0.0	0.0	0.0	0.0	0.0	0.0	0.0	0.0
0.0	0.0	0.13459	0.02495	0.07391	0.13848	0.10782	0.0457	0.11351	0.03376	0.65273	0.09251	0.2259	0.0	0.0	0.07943	0.11351	0.05591	0.16472	0.0	0.05385	0.06579	0.0	0.0	0.05388	0.05317	0.04759	0.06322	0.08245	0.0	0.04323	0.0	0.09778	0.0	0.0	0.06322	0.24101	0.05722	0.08681	0.0	0.0	1.0	0.04675	0.0	0.06322	0.05558	0.08484	0.0	0.0	0.0	0.0	0.07943	0.0	0.03063	0.05597	0.0	0.03135	0.08994	0.04966	0.0457	0.04175	0.06594	0.04376	0.29424	0.0	0.0	0.0	0.0	0.0	0.07482	0.0	0.0	0.0	0.0	0.0	0.21559	0.0	0.0	0.0	0.0	0.0	0.0	0.0	0.0	0.05722	0.02495	0.0	0.0	0.0	0.0	0.0	0.0	0.0	0.08484	0.0	0.0	0.0	0.0	0.0	0.05642	0.0	0.0	0.05385	0.0	0.0	0.08465	0.0	0.0	0.0	0.0	0.04966	0.14995	0.05679	0.0	0.03709	0.0	0.04759	0.0
0.0	0.0	0.05176	0.14299	0.3455	0.10656	0.07717	0.17479	0.08394	0.20567	0.04143	0.0653	0.04041	0.0	0.0	0.05176	0.39617	0.03321	0.22699	0.0	0.23527	0.26858	0.0	0.0	0.21419	0.1572	0.48028	0.0	0.0516	0.0	0.15932	0.0	0.06621	0.0	0.0	0.28448	0.0	0.03708	0.05553	0.0	0.0	0.04675	1.0	0.0	0.28448	0.0	0.50079	0.0	0.0	0.0	0.0	0.05176	0.0	0.09992	0.11778	0.0	0.09378	0.06247	0.02937	0.59962	0.16317	0.04168	0.1506	0.04742	0.0	0.0	0.0	0.0	0.0	0.04747	0.0	0.0	0.0	0.0	0.0	0.18599	0.0	0.0	0.0	0.0	0.0	0.0	0.0	0.0	0.03708	0.14299	0.0	0.0	0.0	0.0	0.0	0.0	0.0	0.0	0.0	0.0	0.0	0.0	0.0	0.27591	0.0	0.0	0.23527	0.0	0.0	0.0	0.0	0.0	0.0	0.0	0.02937	0.06017	0.03392	0.0	0.0207	0.0	0.48028	0.0
0.08711	0.0	0.0	0.0	0.0	0.06537	0.0	0.0	0.05557	0.0	0.0	0.0	0.0	0.0	0.12413	0.0	0.0	0.0	0.0	0.0	0.0	0.0	0.0	0.0	0.0	0.0	0.0	0.0	0.0	0.38015	0.0	0.0	0.0	0.0	0.0	0.0	0.0	0.0	0.0	0.0	0.0	0.0	0.0	1.0	0.0	0.20557	0.0	0.0	0.0	0.0	0.06816	0.0	0.0	0.04535	0.0	0.0	0.0431	0.0	0.0	0.0	0.0	0.0	0.0	0.0	0.0	0.36114	0.0	0.0	0.0	0.0	0.0	0.07122	0.0	0.0	0.0	0.0	0.0	0.07743	0.0	0.0	0.0	0.0	0.0	0.0	0.0	0.0	0.11404	0.0	0.0	0.13892	0.0	0.0	0.0	0.0	0.0	0.0	0.0	0.0	0.0	0.0	0.0	0.15556	0.0	0.0	0.07743	0.0	0.0	0.0	0.0	0.0	0.0	0.0	0.0	0.05167	0.0	0.0	0.0	0.06176
0.0	0.0	0.06824	0.11465	0.13083	0.13806	0.10095	0.23689	0.11052	0.157	0.05567	0.08733	0.05264	0.0	0.0	0.06824	0.2238	0.04421	0.08229	0.0	0.32843	0.10593	0.0	0.0	0.0842	0.08275	0.25557	0.0	0.06591	0.0	0.21432	0.0	0.08573	0.0	0.0	0.39024	0.0	0.05247	0.07119	0.0	0.0	0.06322	0.28448	0.0	1.0	0.0	0.18887	0.0	0.0	0.0	0.0	0.06824	0.0	0.13476	0.08856	0.0	0.1187	0.08329	0.04001	0.23689	0.07891	0.05603	0.19512	0.06034	0.0	0.0	0.0	0.0	0.0	0.0623	0.0	0.0	0.0	0.0	0.0	0.09375	0.0	0.0	0.0	0.0	0.0	0.0	0.0	0.0	0.05247	0.11465	0.0	0.0	0.0	0.0	0.0	0.0	0.0	0.0	0.0	0.0	0.0	0.0	0.0	0.10073	0.0	0.0	0.32843	0.0	0.0	0.0	0.0	0.0	0.0	0.0	0.04001	0.07748	0.04518	0.0	0.02862	0.0	0.25557	0.0
0.0	0.0	0.03484	0.0	0.0	0.05407	0.0	0.0	0.04641	0.0	0.05169	0.0	0.15837	0.0	0.09299	0.0	0.0	0.0	0.18514	0.0	0.0	0.0	0.0	0.0	0.0	0.0	0.0	0.04693	0.0	0.0	0.0	0.0509	0.0	0.0	0.0	0.0	0.10559	0.0	0.0	0.0	0.0	0.05558	0.0	0.20557	0.0	1.0	0.0	0.0	0.0	0.0	0.05597	0.0	0.0	0.03412	0.0	0.0	0.03413	0.0	0.0	0.0	0.0	0.0	0.0	0.05484	0.0	0.47675	0.0	0.0	0.0	0.0	0.0	0.0	0.0	0.0	0.0	0.04057	0.0	0.06207	0.0	0.0	0.0	0.0	0.0	0.0	0.0	0.0	0.0	0.0	0.0	0.11602	0.0	0.0	0.0	0.3016	0.0	0.0	0.0	0.0	0.0	0.0	0.0	0.11897	0.0	0.0	0.06207	0.31014	0.0	0.0	0.0	0.0	0.0	0.04954	0.0	0.03907	0.0	0.0	0.0	0.0
0.0	0.0	0.09423	0.11667	0.33299	0.17498	0.13265	0.12907	0.14137	0.16282	0.07687	0.41296	0.07678	0.0	0.0	0.09423	0.37506	0.06385	0.22907	0.0	0.15932	0.26944	0.0	0.0	0.22152	0.17128	0.34808	0.0	0.09622	0.0	0.12043	0.0	0.11776	0.0	0.0	0.18887	0.0	0.24704	0.10222	0.0	0.0	0.08484	0.50079	0.0	0.18887	0.0	1.0	0.0	0.0	0.0	0.0	0.09423	0.0	0.08138	0.13772	0.0	0.08037	0.10939	0.0566	0.44278	0.16979	0.07727	0.11877	0.08967	0.0	0.0	0.0	0.0	0.0	0.08781	0.0	0.0	0.0	0.0	0.0	0.1973	0.0	0.0	0.0	0.0	0.0	0.0	0.0	0.0	0.24704	0.11667	0.0	0.0	0.0	0.0	0.0	0.0	0.0	0.0	0.0	0.0	0.0	0.0	0.0	0.27117	0.0	0.0	0.15932	0.0	0.0	0.0	0.0	0.0	0.0	0.0	0.0566	0.04849	0.065	0.0	0.04124	0.0	0.34808	0.0
0.0	0.40706	0.0	0.0	0.0	0.0	0.0	0.0	0.0	0.0	0.0	0.0	0.0	0.0	0.0	0.0	0.0	0.0	0.0	0.0	0.0	0.0	0.0	0.0	0.0	0.0	0.0	0.0	0.0	0.0	0.0	0.0	0.0	0.23156	0.0	0.0	0.0	0.0	0.0	0.0	0.59016	0.0	0.0	0.0	0.0	0.0	0.0	1.0	0.21098	0.0	0.0	0.0	0.0	0.0	0.0	0.0	0.13716	0.0	0.0	0.0	0.0	0.0	0.0	0.0	0.0	0.0	0.81454	0.0	0.0	0.0	0.0	0.0	0.0	0.20916	0.0	0.0	0.29611	0.0	0.43114	0.0	0.0	0.0	0.0	0.0	0.0	0.0	0.0	0.0	0.33095	0.0	0.0	0.0	0.13806	0.0	0.0	0.0	0.0	0.0	0.0	0.0	0.0	0.0	0.0	0.0	0.0	0.0	0.19012	0.2623	0.0	0.36772	0.0	0.0	0.0	0.0	0.0	0.0	0.0	0.0
0.0	0.38986	0.0	0.0	0.0	0.0	0.0	0.0	0.0	0.0	0.0	0.0	0.0	0.0	0.0	0.0	0.0	0.0	0.0	0.0	0.0	0.0	0.0	0.0	0.0	0.0	0.0	0.0	0.0	0.0	0.0	0.0	0.0	0.11844	0.0	0.0	0.0	0.0	0.0	0.0	0.21098	0.0	0.0	0.0	0.0	0.0	0.0	0.21098	1.0	0.0	0.0	0.0	0.0	0.0	0.0	0.0	0.08225	0.0	0.0	0.0	0.0	0.0	0.0	0.0	0.0	0.0	0.17715	0.0	0.0	0.0	0.0	0.0	0.0	0.1047	0.0	0.0	0.13762	0.0	0.53516	0.0	0.0	0.0	0.0	0.0	0.0	0.0	0.0	0.0	0.68612	0.0	0.0	0.0	0.14147	0.0	0.0	0.0	0.0	0.0	0.0	0.0	0.0	0.0	0.0	0.0	0.0	0.0	0.30609	0.21098	0.0	0.16695	0.0	0.0	0.0	0.0	0.0	0.0	0.0	0.0
0.0	0.0	0.0	0.0	0.0	0.0	0.0	0.0	0.0	0.0	0.0	0.0	0.0	0.0	0.0	0.0	0.0	0.0	0.0	0.0	0.0	0.0	0.0	0.0	0.0	0.0	0.0	0.0	0.0	0.0	0.0	0.0	0.0	0.0	0.0	0.0	0.0	0.0	0.0	0.0	0.0	0.0	0.0	0.0	0.0	0.0	0.0	0.0	0.0	1.0	0.0	0.0	0.0	0.0	0.0	0.0	0.0	0.0	0.0	0.0	0.0	0.0	0.0	0.0	0.0	0.0	0.0	0.0	0.0	0.0	0.0	0.0	0.0	0.0	0.0	0.0	0.0	0.0	0.0	0.0	0.0	0.0	0.0	0.0	0.0	0.0	0.0	0.0	0.0	0.0	0.0	0.0	0.0	0.0	0.0	0.0	0.0	0.0	0.0	0.0	0.0	0.0	0.0	0.0	0.0	0.0	0.0	0.0	0.0	0.0	0.0	0.0	0.0	0.0	0.0	0.11563	0.0	0.0
0.0	0.0	0.0	0.0	0.0	0.22713	0.0	0.0	0.18739	0.0	0.0	0.0	0.0	0.0	0.0	0.0	0.0	0.0	0.0	0.0	0.0	0.0	0.0	0.0	0.0	0.0	0.0	0.0	0.0	0.0	0.0	0.0	0.0	0.0	0.0	0.0	0.0	0.0	0.0	0.0	0.0	0.0	0.0	0.06816	0.0	0.05597	0.0	0.0	0.0	0.0	1.0	0.0	0.0	0.0	0.0	0.0	0.0	0.0	0.0	0.0	0.0	0.0	0.0	0.0	0.0	0.1196	0.0	0.0	0.0	0.0	0.0	0.0	0.0	0.0	0.0	0.0	0.0	0.29907	0.0	0.0	0.0	0.0	0.0	0.0	0.0	0.0	0.0	0.0	0.0	0.09254	0.0	0.0	0.0	0.0	0.0	0.0	0.0	0.0	0.0	0.0	0.0	0.0	0.0	0.0	0.29907	0.0	0.0	0.0	0.0	0.0	0.0	0.0	0.0	0.0	0.0	0.0	0.0	0.0
0.0	0.0	0.08733	0.02845	0.23941	0.1481	0.34406	0.05009	0.12294	0.03755	0.07313	0.10152	0.07341	0.08866	0.0	0.25713	0.12294	0.18365	0.05428	0.0	0.05887	0.07246	0.0	0.04421	0.175	0.16131	0.05213	0.0	0.24452	0.0	0.04742	0.0	0.10609	0.0	0.0	0.06824	0.0	0.06525	0.27771	0.0	0.0	0.07943	0.05176	0.0	0.06824	0.0	0.09423	0.0	0.0	0.0	0.0	1.0	0.0	0.0341	0.06173	0.0	0.03412	0.09874	0.16514	0.05009	0.04721	0.07344	0.04748	0.08439	0.0	0.0	0.0	0.03826	0.0	0.0823	0.0	0.0	0.0	0.0	0.0	0.06202	0.0	0.0	0.0	0.1062	0.0	0.0	0.0	0.0	0.06525	0.02845	0.0	0.04475	0.0	0.0	0.0	0.0	0.0	0.0	0.0	0.08866	0.0	0.0	0.0	0.06294	0.0	0.0	0.05887	0.0	0.0	0.0	0.0	0.0	0.0	0.0	0.16514	0.04427	0.06335	0.0	0.04246	0.0	0.05213	0.0
0.0	0.0	0.0	0.0	0.0	0.0	0.0	0.0	0.0	0.0	0.0	0.0	0.0	0.0	0.0	0.0	0.0	0.0	0.0	0.0	0.0	0.06682	0.81049	0.0	0.05204	0.0	0.0	0.0	0.0	0.0	0.0	0.0	0.10477	0.20152	0.0	0.0	0.0	0.0	0.08898	0.0	0.0	0.0	0.0	0.0	0.0	0.0	0.0	0.0	0.0	0.0	0.0	0.0	1.0	0.0	0.0	0.0	0.0	0.0	0.0	0.0	0.0	0.0	0.0	0.0699	0.0	0.0	0.0	0.0	0.11685	0.0	0.0	0.21622	0.14908	0.0	0.0	0.05057	0.0	0.0	0.0	0.0	0.0	0.0	0.0	0.0	0.0	0.0	0.0	0.0	0.0	0.0	0.0	0.0	0.27703	0.0	0.09254	0.0	0.0	0.0	0.0	0.05884	0.0	0.65829	0.0	0.0	0.0	0.21059	0.0	0.0	0.0	0.0	0.0	0.08055	0.0	0.0	0.0533	0.0	0.0	0.1807
0.0	0.0	0.0341	0.05427	0.06714	0.05879	0.04599	0.09834	0.04831	0.07318	0.02825	0.03949	0.02877	0.0	0.0372	0.0341	0.09544	0.02417	0.04745	0.0	0.1948	0.05682	0.0	0.0	0.04937	0.04874	0.10221	0.0	0.0355	0.0	0.19944	0.0	0.04186	0.0	0.0	0.13476	0.0	0.02457	0.03732	0.0	0.0	0.03063	0.09992	0.04535	0.13476	0.03412	0.08138	0.0	0.0	0.0	0.0	0.0341	0.0	1.0	0.05124	0.0	0.21173	0.03844	0.02148	0.09834	0.04647	0.02837	0.09483	0.03347	0.0	0.06068	0.0	0.0	0.0	0.03218	0.0	0.0	0.0	0.0	0.0	0.05487	0.0	0.0	0.0	0.0	0.0	0.0	0.0	0.0	0.02457	0.05427	0.0	0.0	0.0	0.0	0.0	0.0	0.0	0.0	0.0	0.0	0.0	0.0	0.0	0.05487	0.0	0.05011	0.11496	0.0	0.0	0.0	0.0	0.0	0.0	0.0	0.02148	0.03936	0.02454	0.03493	0.01612	0.0	0.10221	0.0
0.0	0.0	0.06173	0.32947	0.12139	0.09561	0.07825	0.06933	0.08093	0.43132	0.05277	0.0685	0.05443	0.0	0.0	0.06173	0.15787	0.04693	0.09234	0.0	0.07679	0.10617	0.0	0.0	0.09592	0.09494	0.12346	0.0	0.06502	0.0	0.06688	0.0	0.07327	0.09237	0.0	0.08856	0.0	0.04628	0.06746	0.05297	0.0	0.05597	0.11778	0.0	0.08856	0.0	0.13772	0.0	0.0	0.0	0.0	0.06173	0.0	0.05124	1.0	0.0	0.05512	0.06722	0.04233	0.12031	0.09108	0.05293	0.23361	0.06222	0.0	0.0	0.0	0.0	0.0	0.05917	0.0	0.0	0.0	0.0	0.0	0.10513	0.0	0.0	0.0	0.0	0.0	0.0	0.0	0.0	0.04628	0.32947	0.0	0.0	0.0	0.0	0.0	0.0	0.0	0.0	0.0	0.0	0.0	0.0	0.0	0.10339	0.0	0.0	0.07679	0.0	0.0	0.0	0.0	0.0	0.0	0.0	0.04233	0.03116	0.04748	0.0	0.03352	0.0	0.12346	0.0
0.0	0.0	0.0	0.0	0.0	0.0	0.0	0.0	0.0	0.0	0.0	0.0	0.0	0.0	0.06986	0.0	0.0	0.0	0.0	0.0	0.0	0.0	0.0	0.0	0.0	0.0	0.0	0.0	0.0	0.0	0.0	0.0	0.0	0.0	0.0	0.0	0.0	0.0	0.0	0.0	0.0	0.0	0.0	0.0	0.0	0.0	0.0	0.0	0.0	0.0	0.0	0.0	0.0	0.0	0.0	1.0	0.0	0.0	0.0	0.0	0.0	0.0	0.0	0.0	0.0	0.0	0.0	0.0	0.18288	0.0	0.0	0.0	0.0	0.19745	0.0	0.0	0.26401	0.0	0.0	0.0	0.0	0.0	0.33464	0.0	0.0	0.0	0.0	0.0	0.0	0.0	0.1703	0.0	0.0	0.0	0.0	0.0	0.0	0.0	0.0	0.0	0.0	0.0	0.0	0.0	0.0	0.0	0.0	0.0	0.0	0.0	0.0	0.0	0.0	0.0	0.10109	0.0	0.0	0.0
0.0	0.10463	0.03412	0.05869	0.06899	0.05272	0.0433	0.09316	0.04497	0.07398	0.02937	0.03831	0.02972	0.0	0.03656	0.03412	0.09106	0.02584	0.05181	0.0	0.10463	0.06028	0.0	0.0	0.0534	0.05281	0.09591	0.0	0.03526	0.0	0.16897	0.0	0.04024	0.09139	0.0	0.1187	0.0	0.02648	0.03672	0.0	0.13716	0.03135	0.09378	0.0431	0.1187	0.03413	0.08037	0.13716	0.08225	0.0	0.0	0.03412	0.0	0.21173	0.05512	0.0	1.0	0.03751	0.02356	0.09316	0.0508	0.02947	0.09102	0.0336	0.0	0.05399	0.1187	0.0	0.0	0.03257	0.0	0.0	0.0	0.08193	0.0	0.05821	0.10118	0.0	0.12523	0.0	0.0	0.0	0.0	0.0	0.02648	0.05869	0.0	0.0	0.10545	0.0	0.0	0.0	0.04579	0.0	0.0	0.0	0.0	0.0	0.0	0.05856	0.0	0.04664	0.10463	0.0	0.0	0.0	0.08332	0.06096	0.0	0.11863	0.02356	0.03832	0.02617	0.03478	0.01864	0.0	0.09591	0.0
0.0	0.0	0.09874	0.03205	0.09112	0.17486	0.13548	0.05887	0.14373	0.04288	0.08194	0.11729	0.08131	0.0	0.0	0.09874	0.24354	0.06867	0.05899	0.0	0.07139	0.13581	0.0	0.0	0.06451	0.10776	0.06171	0.0	0.16976	0.0	0.05521	0.0	0.20541	0.0	0.0	0.08329	0.0	0.07367	0.10609	0.0	0.0	0.08994	0.06247	0.0	0.08329	0.0	0.10939	0.0	0.0	0.0	0.0	0.09874	0.0	0.03844	0.06722	0.0	0.03751	1.0	0.06167	0.05887	0.11777	0.19035	0.05431	0.0937	0.0	0.0	0.0	0.0	0.0	0.15651	0.0	0.0	0.0	0.0	0.0	0.06757	0.0	0.0	0.0	0.0	0.0	0.0	0.0	0.0	0.07367	0.03205	0.06378	0.0	0.0	0.0	0.0	0.20821	0.0	0.0	0.0	0.0	0.0	0.0	0.0	0.06936	0.0	0.0	0.07139	0.0	0.0	0.0	0.0	0.0	0.0	0.0	0.06167	0.05015	0.16149	0.0	0.04587	0.0	0.06171	0.0
0.0	0.0	0.05609	0.01709	0.1561	0.09317	0.21744	0.03026	0.07671	0.02315	0.04652	0.06299	0.04884	0.05138	0.0	0.35015	0.07671	0.79036	0.03646	0.0	0.034	0.04832	0.0	0.15214	0.12076	0.22729	0.03116	0.0	0.33357	0.0	0.02906	0.0	0.06861	0.0	0.0	0.04001	0.0	0.03904	0.18431	0.0	0.0	0.04966	0.02937	0.0	0.04001	0.0	0.0566	0.0	0.0	0.0	0.0	0.16514	0.0	0.02148	0.04233	0.0	0.02356	0.06167	1.0	0.03026	0.03116	0.04668	0.03066	0.05727	0.0	0.0	0.0	0.02358	0.0	0.05353	0.0	0.0	0.0	0.0	0.0	0.0425	0.0	0.0	0.0	0.06198	0.0	0.0	0.0	0.0	0.03904	0.01709	0.0	0.15475	0.0	0.0	0.0	0.0	0.0	0.0	0.0	0.05138	0.0	0.0	0.0	0.04122	0.0	0.0	0.034	0.0	0.0	0.0	0.0	0.0	0.0	0.0	0.60718	0.02904	0.04144	0.0	0.02746	0.0	0.03116	0.0
0.0	0.0	0.05009	0.14359	0.3222	0.09377	0.07093	0.15885	0.07607	0.19747	0.04111	0.06112	0.04024	0.0	0.0	0.05009	0.35288	0.03375	0.22051	0.0	0.20115	0.25625	0.0	0.0	0.20886	0.15646	0.41623	0.0	0.05013	0.0	0.14716	0.0	0.0623	0.0	0.0	0.23689	0.0	0.0373	0.05348	0.0	0.0	0.0457	0.59962	0.0	0.23689	0.0	0.44278	0.0	0.0	0.0	0.0	0.05009	0.0	0.09834	0.12031	0.0	0.09316	0.05887	0.03026	1.0	0.16198	0.04134	0.14147	0.0465	0.0	0.0	0.0	0.0	0.0	0.04643	0.0	0.0	0.0	0.0	0.0	0.18276	0.0	0.0	0.0	0.0	0.0	0.0	0.0	0.0	0.0373	0.14359	0.0	0.0	0.0	0.0	0.0	0.0	0.0	0.0	0.0	0.0	0.0	0.0	0.0	0.26339	0.0	0.0	0.20115	0.0	0.0	0.0	0.0	0.0	0.0	0.0	0.03026	0.05736	0.0344	0.0	0.02207	0.0	0.41623	0.0
0.0	0.0	0.04721	0.07026	0.14967	0.0756	0.0608	0.06221	0.06272	0.0914	0.03951	0.05201	0.04197	0.0	0.0	0.04721	0.23279	0.03539	0.11674	0.0	0.06832	0.15856	0.0	0.0	0.11682	0.14352	0.17189	0.0	0.0867	0.0	0.06017	0.0	0.09692	0.0	0.0	0.07891	0.0	0.03291	0.05296	0.0	0.0	0.04175	0.16317	0.0	0.07891	0.0	0.16979	0.0	0.0	0.0	0.0	0.04721	0.0	0.04647	0.09108	0.0	0.0508	0.11777	0.03116	0.16198	1.0	0.43174	0.06354	0.0491	0.0	0.0	0.0	0.0	0.0	0.18722	0.0	0.0	0.0	0.0	0.0	0.1333	0.0	0.0	0.0	0.0	0.0	0.0	0.0	0.0	0.03291	0.07026	0.03567	0.0	0.0	0.0	0.0	0.03775	0.0	0.0	0.0	0.0	0.0	0.0	0.0	0.12991	0.0	0.0	0.06832	0.0	0.0	0.0	0.0	0.0	0.0	0.0	0.03116	0.0244	0.75865	0.0	0.02428	0.0	0.17189	0.0
0.0	0.0	0.07344	0.02312	0.0687	0.12495	0.09827	0.04134	0.10298	0.03104	0.06102	0.08449	0.06239	0.0	0.0	0.07344	0.17449	0.05252	0.04602	0.0	0.04789	0.10443	0.0	0.0	0.05105	0.08543	0.04288	0.0	0.13004	0.0	0.03931	0.0	0.15226	0.0	0.0	0.05603	0.0	0.05295	0.08051	0.0	0.0	0.06594	0.04168	0.0	0.05603	0.0	0.07727	0.0	0.0	0.0	0.0	0.07344	0.0	0.02837	0.05293	0.0	0.02947	0.19035	0.04668	0.04134	0.43174	1.0	0.0402	0.07252	0.0	0.0	0.0	0.0	0.0	0.28661	0.0	0.0	0.0	0.0	0.0	0.05317	0.0	0.0	0.0	0.0	0.0	0.0	0.0	0.0	0.05295	0.02312	0.05357	0.0	0.0	0.0	0.0	0.06833	0.0	0.0	0.0	0.0	0.0	0.0	0.0	0.05297	0.0	0.0	0.04789	0.0	0.0	0.0	0.0	0.0	0.0	0.0	0.04668	0.03766	0.58072	0.0	0.03525	0.0	0.04288	0.0
0.0	0.0	0.04748	0.26921	0.094	0.08085	0.06381	0.14147	0.0675	0.36222	0.04001	0.056	0.03937	0.0	0.0	0.04748	0.13669	0.03372	0.06546	0.0	0.16972	0.07959	0.0	0.0	0.06724	0.06631	0.14793	0.0	0.04776	0.0	0.1331	0.0	0.05737	0.0	0.0	0.19512	0.0	0.03671	0.05047	0.0	0.0	0.04376	0.1506	0.0	0.19512	0.0	0.11877	0.0	0.0	0.0	0.0	0.04748	0.0	0.09483	0.23361	0.0	0.09102	0.05431	0.03066	0.14147	0.06354	0.0402	1.0	0.04477	0.0	0.0	0.0	0.0	0.0	0.04453	0.0	0.0	0.0	0.0	0.0	0.074	0.0	0.0	0.0	0.0	0.0	0.0	0.0	0.0	0.03671	0.26921	0.0	0.0	0.0	0.0	0.0	0.0	0.0	0.0	0.0	0.0	0.0	0.0	0.0	0.07661	0.0	0.0	0.16972	0.0	0.0	0.0	0.0	0.0	0.0	0.0	0.03066	0.05355	0.03429	0.0	0.02319	0.0	0.14793	0.0
